1204.86591887 47.046215 -122.90062 120.0 1378445540.0 451.0 0.0 2013-09-05 22:32:20 50.0
1938.71754763 47.046207 -122.900497 180.0 1378445573.0 451.0 33.0 2013-09-05 22:32:53 40.0
1938.71754763 47.046207 -122.900497 180.0 1378445573.0 451.0 33.0 2013-09-05 22:32:53 40.0
1938.71754763 47.046207 -122.900497 180.0 1378445573.0 451.0 33.0 2013-09-05 22:32:53 40.0
1663.869741 47.039833 -122.900879 60.0 1378445658.0 451.0 118.0 2013-09-05 22:34:18 820.0
1663.869741 47.039833 -122.900879 60.0 1378445658.0 451.0 118.0 2013-09-05 22:34:18 820.0
1663.869741 47.039833 -122.900879 60.0 1378445658.0 451.0 118.0 2013-09-05 22:34:18 820.0
2132.02259807 47.037815 -122.900795 60.0 1378445718.0 451.0 178.0 2013-09-05 22:35:18 1050.0
2963.05771278 47.03709 -122.900795 120.0 1378445758.0 451.0 218.0 2013-09-05 22:35:58 1130.0
3165.2217618 47.035732 -122.900795 120.0 1378445780.0 451.0 240.0 2013-09-05 22:36:20 1280.0
3708.6558856 47.030273 -122.900734 120.0 1378445839.0 451.0 299.0 2013-09-05 22:37:19 1890.0
3708.6558856 47.030273 -122.900734 120.0 1378445839.0 451.0 299.0 2013-09-05 22:37:19 1890.0
3708.6558856 47.024551 -122.897812 60.0 1378445899.0 451.0 359.0 2013-09-05 22:38:19 2630.0
3708.6558856 47.024551 -122.897812 60.0 1378445899.0 451.0 359.0 2013-09-05 22:38:19 2630.0
4415.75699646 47.019382 -122.898491 60.0 1378445958.0 451.0 418.0 2013-09-05 22:39:18 3330.0
4415.75699646 47.019382 -122.898491 60.0 1378445958.0 451.0 418.0 2013-09-05 22:39:18 3330.0
5054.88467752 47.016693 -122.899109 60.0 1378446018.0 451.0 478.0 2013-09-05 22:40:18 3680.0
5054.88467752 47.016693 -122.899109 60.0 1378446018.0 451.0 478.0 2013-09-05 22:40:18 3680.0
5054.88467752 47.016693 -122.899109 60.0 1378446018.0 451.0 478.0 2013-09-05 22:40:18 3680.0
5710.88156493 47.012875 -122.903984 60.0 1378446079.0 451.0 539.0 2013-09-05 22:41:19 4310.0
5710.88156493 47.012875 -122.903984 60.0 1378446079.0 451.0 539.0 2013-09-05 22:41:19 4310.0
5710.88156493 47.012875 -122.903984 60.0 1378446079.0 451.0 539.0 2013-09-05 22:41:19 4310.0
6524.7960198 47.000149 -122.908882 60.0 1378446189.0 451.0 649.0 2013-09-05 22:43:09 5820.0
6524.7960198 47.000149 -122.908882 60.0 1378446189.0 451.0 649.0 2013-09-05 22:43:09 5820.0
6905.0382123 46.997398 -122.907661 60.0 1378446259.0 451.0 719.0 2013-09-05 22:44:19 6140.0
7513.21630701 46.996723 -122.90757 120.0 1378446290.0 451.0 750.0 2013-09-05 22:44:50 6220.0
7223.63653742 46.993568 -122.907616 60.0 1378446317.0 451.0 777.0 2013-09-05 22:45:17 6570.0
7223.63653742 46.993568 -122.907616 60.0 1378446317.0 451.0 777.0 2013-09-05 22:45:17 6570.0
7229.12961199 46.985634 -122.907219 0.0 1378446378.0 451.0 838.0 2013-09-05 22:46:18 7460.0
7229.12961199 46.985634 -122.907219 0.0 1378446378.0 451.0 838.0 2013-09-05 22:46:18 7460.0
7229.12961199 46.985634 -122.907219 0.0 1378446378.0 451.0 838.0 2013-09-05 22:46:18 7460.0
7721.78541228 46.985432 -122.912956 0.0 1378446438.0 451.0 898.0 2013-09-05 22:47:18 7920.0
8063.19786085 46.985432 -122.918091 0.0 1378446499.0 451.0 959.0 2013-09-05 22:48:19 8330.0
8063.19786085 46.985432 -122.918091 0.0 1378446499.0 451.0 959.0 2013-09-05 22:48:19 8330.0
8046.24243674 46.983009 -122.920624 -60.0 1378446556.0 451.0 1016.0 2013-09-05 22:49:16 8830.0
8046.24243674 46.983009 -122.920624 -60.0 1378446556.0 451.0 1016.0 2013-09-05 22:49:16 8830.0
