120.0 1370870209.0 40.0
120.0 1370870209.0 40.0
120.0 1370870209.0 40.0
60.0 1370870313.0 470.0
60.0 1370870313.0 470.0
0.0 1370870372.0 880.0
0.0 1370870420.0 1070.0
0.0 1370870420.0 1070.0
0.0 1370870420.0 1070.0
0.0 1370870491.0 1700.0
0.0 1370870550.0 2440.0
0.0 1370870550.0 2440.0
0.0 1370870550.0 2440.0
-60.0 1370870611.0 3100.0
-60.0 1370870611.0 3100.0
-60.0 1370870670.0 3480.0
0.0 1370870715.0 3560.0
0.0 1370870730.0 3630.0
0.0 1370870730.0 3630.0
0.0 1370870789.0 4070.0
0.0 1370870848.0 4960.0
0.0 1370870848.0 4960.0
-60.0 1370870909.0 5720.0
-60.0 1370870909.0 5720.0
0.0 1370870967.0 6140.0
-60.0 1370870967.0 6140.0
-60.0 1370870967.0 6140.0
0.0 1370871078.0 6570.0
0.0 1370871078.0 6570.0
0.0 1370871078.0 6570.0
-60.0 1370871148.0 7070.0
-60.0 1370871148.0 7070.0
-60.0 1370871148.0 7070.0
-60.0 1370871267.0 7690.0
-60.0 1370871267.0 7690.0
-120.0 1370871327.0 8180.0
-120.0 1370871327.0 8180.0
-120.0 1370871387.0 8410.0
-180.0 1370871421.0 8790.0
-60.0 1370871564.0 8830.0
-60.0 1370871564.0 8830.0
-120.0 1370871505.0 8830.0
-180.0 1370871445.0 8830.0
-180.0 1370871445.0 8830.0
